KO=[0.14]