%B16 IFN-gamma pilot 8.17.13

%H-2Kb MFI of B16 cells after addition of IFN-gamma

T1=[1183 1236 105 915 674 621 606 622];
